Вищі навчальні заклади
Кількість ВНЗ, од             Кількість студентів у ВНЗ, тис. осіб    Прийнято до ВНЗ, тис. осіб
I–II рівнів   III–IV рівнів   I–II рівнів   III–IV рівнів             I–II рівнів   III–IV рівнів
акредитації   акредитації     акредитації   акредитації               акредитації   акредитації

1995/96 44 15 35,9 59,3 11,1 12,1
1996/97 46 15 36,5 62,1 11,3 13,7
1997/98 40 14 33,1 70,9 10,5 16,3
1998/99 42 14 32,9 73,1 10,9 16,7
1999/00 40 17 31,9 78,6 10,2 18,1
2000/01 40 17 33,4 83,8 11,5 19,8
2001/02 39 19 31,7 93,3 10,9 22,5
2002/03 39 20 33,1 99,4 11,3 23,6
2003/04 39 24 33,6 110,1 11,3 26,7
2004/05 36 26 33,1 115,0 11,0 25,3
2005/06 33 28 30,8 127,8 10,3 27,0
2006/07 28 28 25,5 139,0 8,5 29,8
2007/08 26 27 24,2 141,4 8,1 29,9
2008/09 27 26 24,4 143,2 7,0 27,9
2009/10 25 24 20,0 142,6 5,4 25,8
2010/11 23 23 20,2 137,1 6,9 26,3
2011/12 22 22 20,2 131,2 5,9 23,1
2012/13 22 22 20,3 126,1 5,5 22,6
2013/14 22 22 19,2 119,8 5,2 23,1
2014/15 21 22 15,3 114,0 4,3 23,7
2015/16 21 21 14,4 111,0 3,8 23,1
2016/17 21 21 13,7 111,1 3,9 22,1

Випущено фахівців з ВНЗ, тис. осіб
I–II рівнів акредитації   III–IV рівнів акредитації   Кількість аспірантів, осіб   Кількість докторантів, осіб

1995 10,8 10,6 1342 45
1996 11,5 12,6 1526 46
1997 10,3 13,6 1674 47
1998 10,4 15,5 1783 46
1999 9,3 17,0 1788 55
2000 9,5 17,5 1734 53
2001 8,9 20,1 1813 50
2002 9,3 24,2 1840 43
2003 9,8 28,1 1917 55
2004 9,4 17,0 2038 54
2005 9,2 19,8 2107 59
2006 8,1 22,3 2304 59
2007 7,6 31,1 2296 66
2008 6,7 32,9 2414 74
2009 6,6 29,1 2532 82
2010 6,3 31,2 2713 96
2011 5,3 33,9 2787 106
2012 5,3 31,8 2688 1012
2013 5,8 30,7 2455 101
2014 5,0 32,6 2358 117
2015 4,7 30,0 2445 133
2016 4,3 26,3 2182 151




