On the board of 3 size you can put 3 queens in 0 ways

On the board of 4 size you can put 4 queens in 2 ways
1 - positions of queen, 0 - empty spaces
[0, 1, 0, 0]
[0, 0, 0, 1]
[1, 0, 0, 0]
[0, 0, 1, 0]
____________
[0, 0, 1, 0]
[1, 0, 0, 0]
[0, 0, 0, 1]
[0, 1, 0, 0]
____________

On the board of 5 size you can put 5 queens in 10 ways
1 - positions of queen, 0 - empty spaces
[1, 0, 0, 0, 0]
[0, 0, 1, 0, 0]
[0, 0, 0, 0, 1]
[0, 1, 0, 0, 0]
[0, 0, 0, 1, 0]
_______________
[1, 0, 0, 0, 0]
[0, 0, 0, 1, 0]
[0, 1, 0, 0, 0]
[0, 0, 0, 0, 1]
[0, 0, 1, 0, 0]
_______________
[0, 1, 0, 0, 0]
[0, 0, 0, 1, 0]
[1, 0, 0, 0, 0]
[0, 0, 1, 0, 0]
[0, 0, 0, 0, 1]
_______________
[0, 1, 0, 0, 0]
[0, 0, 0, 0, 1]
[0, 0, 1, 0, 0]
[1, 0, 0, 0, 0]
[0, 0, 0, 1, 0]
_______________
[0, 0, 1, 0, 0]
[1, 0, 0, 0, 0]
[0, 0, 0, 1, 0]
[0, 1, 0, 0, 0]
[0, 0, 0, 0, 1]
_______________
[0, 0, 1, 0, 0]
[0, 0, 0, 0, 1]
[0, 1, 0, 0, 0]
[0, 0, 0, 1, 0]
[1, 0, 0, 0, 0]
_______________
[0, 0, 0, 1, 0]
[1, 0, 0, 0, 0]
[0, 0, 1, 0, 0]
[0, 0, 0, 0, 1]
[0, 1, 0, 0, 0]
_______________
[0, 0, 0, 1, 0]
[0, 1, 0, 0, 0]
[0, 0, 0, 0, 1]
[0, 0, 1, 0, 0]
[1, 0, 0, 0, 0]
_______________
[0, 0, 0, 0, 1]
[0, 1, 0, 0, 0]
[0, 0, 0, 1, 0]
[1, 0, 0, 0, 0]
[0, 0, 1, 0, 0]
_______________
[0, 0, 0, 0, 1]
[0, 0, 1, 0, 0]
[1, 0, 0, 0, 0]
[0, 0, 0, 1, 0]
[0, 1, 0, 0, 0]
_______________
